Cowin:
CREATE TABLE cowin(
 id SERIAL,
sc INTEGER,
state VARCHAR(50),
totaldose INTEGER,
firstdose INTEGER,
seconddose INTEGER,
male INTEGER,
female INTEGER,
transgender INTEGER,
covaxin INTEGER,
covishield INTEGER,
sputnikv INTEGER,
aefi INTEGER,
group1age INTEGER,
group2age INTEGER,
group3age INTEGER,
PRIMARY KEY(state),
FOREIGN KEY(sc) REFERENCES vsw(statecode));


INSERT INTO cowin
(sc,state,totaldose,firstdose,seconddose,male,female,transgender,covaxin,covishield,sputnikv,aefi,group1age,group2age,group3age)
VALUES
(35,'AndamanNicobar',494158,294001,200157,263182,230901,75,0,494158,0,7,280404,144429,69325),
(28,'AndhraPradesh',53351495,32976723,20374772,24829350,28512084,10061,7564919,45724553,62023,777,25116955,18847504,9387036),
(12,'ArunachalPradesh',1306361,771875,534486,717263,588794,304,0,1306361,0,291,869976,317420,118965),
(18,'Assam',28240642,20172070,8068572,14262457,13974026,4159,2672248,25566043,2351,298,17574004,7397786,3268852),
(10,'Bihar',68214939,49871471,18343468,33908609,34291021,15309,7141682,61063362,9895,303,40866938,15626651,11721350),
(4,'Chandigarh',1473016,926035,546981,841346,631442,228,5414,1467602,0,180,928110,355762,189144),
(22,'Chhattisgarh',22191967,14850127,7341840,11070564,11118672,2731,2348207,19834628,9132,707,11914268,6789499,3488200),
(26,'DamanDiu',1031006,660753,370253,694108,336682,216,52,1030954,0,139,797889,178693,54424),
(7,'Delhi',20481006,13055627,7425379,11864176,8610966,5864,4436054,15963489,81463,1234,13175054,4870256,2435696),
(30,'Goa',2173640,1262558,911082,1190822,982602,216,31423,2142217,0,624,1263024,546054,364562),
(24,'Gujarat',70706495,44735126,25971369,38640113,32054275,12107,7749420,62928686,28389,1887,40494538,18766004,11445953),
(6,'Haryana',25886840,17772039,8114801,14208015,11673510,5315,3276533,22534980,75327,1014,15629622,5927511,4329707),
(2,'HimachalPradesh',9157473,5713695,3443778,4653578,4501835,2060,3842,9150657,2974,779,4876180,2539576,1741717),
(1,'JammuKashmir',14657758,9511010,5146748,8199876,6455150,2732,867145,13790613,0,260,7971762,4293846,2392150),
(20,'Jharkhand',20565938,14983565,5582373,10871476,9689659,4803,2828542,17728912,8484,974,12593415,4980177,2992346),
(29,'Karnataka',65353525,42496209,22857316,32876785,32465459,11281,7538901,57712564,102060,2897,36416110,17638747,11298668),
(32,'Kerala',38964836,25306499,13658337,18759852,20195500,9484,3933562,34965391,65883,2896,16869262,11743371,10352203),
(37,'Ladakh',361078,208798,152280,208215,152822,41,0,361078,0,7,227813,76656,56609),
(31,'Lakshadweep',101080,55129,45951,53858,47216,6,0,101080,0,12,56928,28517,15635),
(23,'MadhyaPradesh',70748941,49911829,20837112,37292752,33441465,14724,7592031,63136484,20426,1247,43898544,16858660,9991737),
(27,'Maharashtra',98171089,67196330,30974759,52900810,45251307,18972,11769636,86176055,225398,5505,53436607,26277164,18457318),
(14,'Manipur',1968846,1249436,719410,1039318,929014,514,0,1967498,1348,153,1164904,517991,285951),
(17,'Meghalaya',1745089,1103273,641816,911039,833814,236,0,1745089,0,308,1149590,429245,166254),
(15,'Mizoram',1223612,711595,512017,613149,610225,238,0,1223612,0,1222,759290,291041,173281),
(13,'Nagaland',1200202,709551,490651,674120,525893,189,0,1194487,5715,65,801091,270915,128196),
(21,'Odisha',37294848,25735276,11559572,18786714,18499429,8705,4597951,32691024,5873,747,20355445,10323193,6616210),
(34,’Puducherry',1138344,733957,404387,549257,588847,240,74,1138270,0,28,631557,313963,192824),
(3,'Punjab',22181312,15942523,6238789,12045450,10133051,2811,2486446,19681802,13064,295,12167184,5934081,4080047),
(8,'Rajasthan',62637043,42543054,20093989,32390969,30233279,12795,7273519,55347197,16327,671,34795490,15789923,12051630),
(11,'Sikkim',973272,521763,451509,532405,440512,355,0,973272,0,301,652656,207193,113423),
(33,'TamilNadu',58895168,41277027,17618141,28689087,30195079,11002,7174338,51638223,82607,384,33528849,16025491,9340828),
(36,'Telangana',32269369,22497488,9771881,16342331,15920902,6136,4643302,27491079,134988,463,18540771,8709529,5019069),
(16,'Tripura',4129457,2508476,1620981,2096701,2032135,621,81033,4048424,0,79,2153039,1312314,664104),
(9,'UttarPradesh',130854330,98175781,32678549,68985639,61813000,55691,14964176,115844211,45943,1944,78199522,33426486,19228322),
(5,'Uttarakhand',11376138,7477999,3898139,5845617,5526095,4426,728965,10643921,3252,525,6697403,2720062,1958673),
(19,'WestBengal',77741559,56183405,21558154,39358041,38369910,13608,8609803,69054133,77623,3499,41958302,22416359,13366898);
