Vaccination: state-wise

CREATE TABLE vsw (
id SERIAL,
States VARCHAR(50),
Totalcases INTEGER,
migrate INTEGER,
Death INTEGER,
statecode INTEGER,
LastConfirmed INTEGER,
LastCuredDischarged INTEGER,
LastDeath INTEGER,
RecentVaccination INTEGER,
TotalVaccination INTEGER,
firstdose INTEGER,
seconddose INTEGER
PRIMARY KEY (statecode));

INSERT INTO vsw (States,Totalcases,migrate,Death,statecode,LastConfirmed,LastCuredDischarged,LastDeath,RecentVaccination,
TotalVaccination,firstdose,seconddose)
VALUES
('AndamanNicobar',7665,7527,129,35,7665,7527,129,1204,514817,294991,219826),
('AndhraPradesh',2069066,2051440,14406,28,2068718,2051082,14403,40462,55727265,33645423,22081842),
('Arunachal Pradesh',55202,54875,280,12,55197,54873,280,2168,1345505,777810,567695),
('Assam',613061,603747,6035,18,612798,603463,6034,62815,29732693,20394331,9338362),
('Bihar',726144,716446,9661,10,726138,716443,9661,28215,71163967,51018412,20145555),
('Chandigarh',65373,64531,820,4,65371,64525,820,1929,1503375,930174,573201),
('Chhattisgarh',1006245,992435,13587,22,1006220,992401,13586,11399,22972129,15090475,7881654),
('DamanDiu',10682,10678,4,26,10682,10678,4,1855,1054151,664283,389868),
('Delhi',1440230,1414751,25091,7,1440176,1414736,25091,26574,21066980,13255009,7811971),
('Goa',178399,174734,3371,30,178367,174712,3370,1578,2231378,1269928,961450),
('Gujarat',826826,816521,10090,24,826784,816485,10090,120217,73447549,45000210,28447339),
('JammuKashmir',333490,327812,4448,1,333325,327681,4445,17766,15587593,9545054,6042539),
('Karnataka',2990856,2944669,38131,29,2990528,2944422,38122,51018,67755715,43096168,24659547),
('Kerala',5034858,4929153,34621,32,5027318,4921312,34362,78750,40588802,25476386,15112416),
('Haryana',771368,761200,10050,6,771355,761189,10050,31008,26619740,17957091,8662649),
('Ladakh',21087,20749,209,37,21072,20738,209,149,368210,209749,158461),
('Lakshadweep',10365,10314,51,31,10365,10314,51,5,102400,55165,47235),
('MadhyaPradesh',792924,782319,10524,23,792919,782307,10524,75496,74360035,50171471,241885640),
('Meghalaya',83942,82163,1461,17,83914,82135,1460,2069,1836400,1123690,712710),
('Maharashtra',6620423,6463932,140447,27,6619329,6461956,140430,154807,101321222,68561915,32759307),
('Mizoram',126917,120522,456,15,126386,120151,453,1231,1245833,716270,529563),


('Manipur',124250,121586,1940,14,124186,121541,1938,2058,2041500,1258255,783245),
('Odisha',1044428,1033344,8368,21,1044041,1033027,8364,71186,39946527,26678954,13267573),
('Puducherry',128302,126167,1863,34,128263,126134,1862,2097,1157285,737972,419313),
('Punjab',602647,585838,16567,3,602616,585821,16566,29518,22729631,16126184,6603447),
('Rajasthan',954471,945473,8954,8,954469,945470,8954,55999,63836487,42764578,21071909),
('Sikkim',32074,31550,400,11,32058,31536,400,516,980475,522230,458245),
('Tripura',84635,83685,816,16,84624,83661,816,2172,4321499,2519757,1801742),
('Telangana',672987,665272,3969,36,672823,665101,3968,54525,34421649,23542506,10879143),
('Jharkhand',348948,343660,5138,20,348933,343641,5138,8926,21603299,15436176,6167123),
('Nagaland',31960,31096,692,13,31951,31082,689,1201,1230717,715433,515284),
('Himachal Pradesh',225319,220368,3790,2,225165,220297,3785,24098,9674009,5737230,3936779),
('Uttarakhand',343974,336430,7402,5,343966,336414,7402,17015,11727040,7504454,4222586),
 ('West Bengal',1600732,1573520,19267,19,1599879,1572711,19252,101834,83324774,59521737,23803037),
('Uttar Pradesh',1710236,1687240,22904,9,1710222,1687234,22903,207352,137441312,100803667,36637645),
('Tamil Nadu',2711584,2665178,36247,33,2710756,2664247,36238,46608,60130197,41632828,18497369);
